Motion3DFile
loopTime 160
isLoop 1
boneMotionDatas{ 19
	boneMotionData{ 4
		time 0 0 0.000000 0.000000 0.00000 80 3
		time 80 0 0.000000 -1.200000 0.000000 80 3
		
		time 0 1 0.100000 -0.100000 0.000000 80 3
		time 80 1 0.150000 -0.150000 0.000000 80 3
	}
	
	
	
	
	
	boneMotionData{ 4
		time 0 0 0.000000 0.000000 0.00000 80 3
		time 80 0 0.000000 0.800000 0.000000 80 3
		
		time 0 1 -0.100000 0.000000 0.000000 80 3
		time 80 1 -0.120000 0.000000 0.000000 80 3
	}
	
	boneMotionData{ 4
		time 0 0 0.000000 0.000000 0.00000 80 3
		time 80 0 0.600000 0.000000 0.000000 80 3
		
		time 0 1 0.000000 0.000000 0.000000 80 3
		time 80 1 0.000000 0.000000 0.600000 80 3
	}
	
	boneMotionData{ 4
		time 0 0 0.000000 0.000000 0.00000 80 3
		time 80 0 0.600000 0.000000 0.000000 80 3
		
		time 0 1 0.000000 0.000000 0.000000 80 3
		time 80 1 0.000000 0.000000 0.600000 80 3
	}
	
	
	
	
	
	boneMotionData{ 4
		time 0 0 0.000000 0.000000 0.00000 80 3
		time 80 0 0.000000 0.800000 0.000000 80 3
		
		time 0 1 -0.100000 0.000000 0.000000 80 3
		time 80 1 -0.120000 0.000000 0.000000 80 3
	}
	
	boneMotionData{ 4
		time 0 0 0.000000 0.000000 0.00000 80 3
		time 80 0 -0.600000 0.000000 0.000000 80 3
		
		time 0 1 0.000000 0.000000 0.000000 80 3
		time 80 1 0.000000 0.000000 -0.600000 80 3
	}
	
	boneMotionData{ 4
		time 0 0 0.000000 0.000000 0.000000 80 3
		time 80 0 -0.600000 0.000000 0.000000 80 3
		
		time 0 1 0.000000 0.000000 0.000000 80 3
		time 80 1 0.000000 0.000000 -0.600000 80 3
	}
	
	
	
	
	
	boneMotionData{ 4
		time 0 0 0.000000 0.000000 0.00000 80 3
		time 80 0 0.000000 1.000000 0.000000 80 3
		
		time 0 1 -0.100000 0.000000 0.000000 80 3
		time 80 1 -0.120000 0.000000 0.000000 80 3
	}
	
	boneMotionData{ 4
		time 0 0 0.000000 0.000000 0.00000 80 3
		time 80 0 0.000000 0.000000 0.500000 80 3
		
		time 0 1 0.000000 0.000000 0.000000 80 3
		time 80 1 -0.600000 0.000000 0.240000 80 3
	}
	
	boneMotionData{ 4
		time 0 0 0.000000 0.000000 0.00000 80 3
		time 80 0 0.000000 0.000000 0.500000 80 3
		
		time 0 1 0.000000 0.000000 0.000000 80 3
		time 80 1 -0.600000 0.000000 0.240000 80 3
	}
	
	
	
	
	
	boneMotionData{ 4
		time 0 0 0.000000 0.000000 0.00000 80 3
		time 80 0 0.000000 1.000000 0.000000 80 3
		
		time 0 1 -0.100000 0.000000 0.000000 80 3
		time 80 1 -0.120000 0.000000 0.000000 80 3
	}
	
	boneMotionData{ 4
		time 0 0 0.000000 0.000000 0.00000 80 3
		time 80 0 0.000000 0.000000 0.500000 80 3
		
		time 0 1 0.000000 0.000000 0.000000 80 3
		time 80 1 -0.600000 0.000000 -0.240000 80 3
	}
	
	boneMotionData{ 4
		time 0 0 0.000000 0.000000 0.00000 80 3
		time 80 0 0.000000 0.000000 0.500000 80 3
		
		time 0 1 0.000000 0.000000 0.000000 80 3
		time 80 1 -0.600000 0.000000 -0.240000 80 3
	}
	
	
	
	
	
	boneMotionData{ 4
		time 0 0 0.000000 0.000000 0.00000 80 3
		time 80 0 0.000000 0.000000 0.000000 80 3
		
		time 0 1 0.000000 0.000000 0.000000 80 3
		time 80 1 0.000000 0.000000 0.000000 80 3
	}
	
	boneMotionData{ 4
		time 0 0 0.000000 0.000000 0.00000 80 3
		time 80 0 0.000000 0.000000 -0.500000 80 3
		
		time 0 1 0.000000 0.000000 0.000000 80 3
		time 80 1 0.600000 0.000000 0.240000 80 3
	}
	
	boneMotionData{ 4
		time 0 0 0.000000 0.000000 0.00000 80 3
		time 80 0 0.000000 0.000000 -0.500000 80 3
		
		time 0 1 0.000000 0.000000 0.000000 80 3
		time 80 1 0.600000 0.000000 0.240000 80 3
	}
	
	
	
	
	
	boneMotionData{ 4
		time 0 0 0.000000 0.000000 0.00000 80 3
		time 80 0 0.000000 0.000000 0.000000 80 3
		
		time 0 1 0.000000 0.000000 0.000000 80 3
		time 80 1 0.000000 0.000000 0.000000 80 3
	}
	
	boneMotionData{ 4
		time 0 0 0.000000 0.000000 0.00000 80 3
		time 80 0 0.000000 0.000000 -0.500000 80 3
		
		time 0 1 0.000000 0.000000 0.000000 80 3
		time 80 1 0.600000 0.000000 -0.240000 80 3
	}
	
	boneMotionData{ 4
		time 0 0 0.000000 0.000000 0.00000 80 3
		time 80 0 0.000000 0.000000 -0.500000 80 3
		
		time 0 1 0.000000 0.000000 0.000000 80 3
		time 80 1 0.600000 0.000000 -0.240000 80 3
	}
}
END
