Motion3DFile
loopTime 60
isLoop 1
boneMotionDatas{ 19
	boneMotionData{ 4
		time 0 0 2.000000 3.000000 0.00000 30 3
		time 30 0 -2.000000 3.000000 0.000000 30 3
		
		time 0 1 0.000000 0.000000 -0.300000 30 3
		time 30 1 0.000000 0.000000 0.300000 30 3
	}
	
	
	
	
	
	boneMotionData{ 4
		time 0 0 0.000000 0.000000 0.00000 30 3
		time 30 0 0.000000 0.000000 0.000000 30 3
		
		time 0 1 0.000000 0.000000 0.300000 30 3
		time 30 1 0.000000 0.000000 -0.300000 30 3
	}
	
	boneMotionData{ 4
		time 0 0 0.000000 -1.000000 0.00000 30 3
		time 30 0 0.000000 0.000000 0.000000 30 3
		
		time 0 1 0.000000 0.000000 0.000000 30 3
		time 30 1 0.000000 0.000000 0.000000 30 3
	}
	
	boneMotionData{ 4
		time 0 0 0.000000 -1.000000 0.00000 30 3
		time 30 0 0.000000 0.000000 0.000000 30 3
		
		time 0 1 0.000000 0.000000 0.000000 30 3
		time 30 1 0.000000 0.000000 0.000000 30 3
	}
	
	
	
	
	
	boneMotionData{ 4
		time 0 0 0.000000 0.000000 0.00000 30 3
		time 30 0 0.000000 0.000000 0.000000 30 3
		
		time 0 1 0.000000 0.000000 0.300000 30 3
		time 30 1 0.000000 0.000000 -0.300000 30 3
	}
	
	boneMotionData{ 4
		time 0 0 0.000000 0.000000 0.00000 30 3
		time 30 0 0.000000 -1.000000 0.000000 30 3
		
		time 0 1 0.000000 0.000000 0.000000 30 3
		time 30 1 0.000000 0.000000 0.000000 30 3
	}
	
	boneMotionData{ 4
		time 0 0 0.000000 0.000000 0.00000 30 3
		time 30 0 0.000000 -1.000000 0.000000 30 3
		
		time 0 1 0.000000 0.000000 0.000000 30 3
		time 30 1 0.000000 0.000000 0.000000 30 3
	}
	
	
	
	
	
	boneMotionData{ 4
		time 0 0 0.000000 0.000000 0.00000 30 3
		time 30 0 0.000000 0.000000 0.000000 30 3
		
		time 0 1 0.000000 0.000000 0.300000 30 3
		time 30 1 0.000000 0.000000 -0.300000 30 3
	}
	
	boneMotionData{ 4
		time 0 0 0.000000 -0.900000 0.00000 30 3
		time 30 0 0.000000 0.000000 0.000000 30 3
		
		time 0 1 0.000000 0.000000 0.000000 30 3
		time 30 1 0.000000 0.000000 0.000000 30 3
	}
	
	boneMotionData{ 4
		time 0 0 0.000000 -0.900000 0.00000 30 3
		time 30 0 0.000000 0.000000 0.000000 30 3
		
		time 0 1 0.000000 0.000000 0.000000 30 3
		time 30 1 0.000000 0.000000 0.000000 30 3
	}
	
	
	
	
	
	boneMotionData{ 4
		time 0 0 0.000000 0.000000 0.00000 30 3
		time 30 0 0.000000 0.000000 0.000000 30 3
		
		time 0 1 0.000000 0.000000 0.300000 30 3
		time 30 1 0.000000 0.000000 -0.300000 30 3
	}
	
	boneMotionData{ 4
		time 0 0 0.000000 0.000000 0.00000 30 3
		time 30 0 0.000000 -0.900000 0.000000 30 3
		
		time 0 1 0.000000 0.000000 0.000000 30 3
		time 30 1 0.000000 0.000000 0.000000 30 3
	}
	
	boneMotionData{ 4
		time 0 0 0.000000 0.000000 0.00000 30 3
		time 30 0 0.000000 -0.900000 0.000000 30 3
		
		time 0 1 0.000000 0.000000 0.000000 30 3
		time 30 1 0.000000 0.000000 0.000000 30 3
	}
	
	
	
	
	
	boneMotionData{ 4
		time 0 0 0.000000 0.000000 0.00000 30 3
		time 30 0 0.000000 0.000000 0.000000 30 3
		
		time 0 1 0.000000 0.000000 0.300000 30 3
		time 30 1 0.000000 0.000000 -0.300000 30 3
	}
	
	boneMotionData{ 4
		time 0 0 0.000000 -0.900000 0.00000 30 3
		time 30 0 0.000000 0.000000 0.000000 30 3
		
		time 0 1 0.000000 0.000000 0.000000 30 3
		time 30 1 0.000000 0.000000 0.000000 30 3
	}
	
	boneMotionData{ 4
		time 0 0 0.000000 -0.900000 0.00000 30 3
		time 30 0 0.000000 0.000000 0.000000 30 3
		
		time 0 1 0.000000 0.000000 0.000000 30 3
		time 30 1 0.000000 0.000000 0.000000 30 3
	}
	
	
	
	
	
	boneMotionData{ 4
		time 0 0 0.000000 0.000000 0.00000 30 3
		time 30 0 0.000000 0.000000 0.000000 30 3
		
		time 0 1 0.000000 0.000000 0.300000 30 3
		time 30 1 0.000000 0.000000 -0.300000 30 3
	}
	
	boneMotionData{ 4
		time 0 0 0.000000 0.000000 0.00000 30 3
		time 30 0 0.000000 -0.900000 0.000000 30 3
		
		time 0 1 0.000000 0.000000 0.000000 30 3
		time 30 1 0.000000 0.000000 0.000000 30 3
	}
	
	boneMotionData{ 4
		time 0 0 0.000000 0.000000 0.00000 30 3
		time 30 0 0.000000 -0.900000 0.000000 30 3
		
		time 0 1 0.000000 0.000000 0.000000 30 3
		time 30 1 0.000000 0.000000 0.000000 30 3
	}
}
END
