Motion3DFile
loopTime 120
isLoop 1
boneMotionDatas{ 19
	boneMotionData{ 4
		time 0 0 0.000000 0.000000 0.00000 60 3
		time 60 0 0.000000 -1.000000 0.000000 60 3
		
		time 0 1 0.000000 0.000000 0.000000 60 3
		time 60 1 0.000000 0.000000 0.000000 60 3
	}
	
	
	
	
	
	boneMotionData{ 4
		time 0 0 0.000000 0.000000 0.00000 60 3
		time 60 0 0.000000 0.000000 0.000000 60 3
		
		time 0 1 0.000000 0.000000 0.000000 60 3
		time 60 1 0.000000 0.000000 0.000000 60 3
	}
	
	boneMotionData{ 4
		time 0 0 0.000000 0.000000 0.00000 60 3
		time 60 0 0.600000 0.000000 0.000000 60 3
		
		time 0 1 0.000000 0.000000 0.000000 60 3
		time 60 1 0.000000 0.000000 0.600000 60 3
	}
	
	boneMotionData{ 4
		time 0 0 0.000000 0.000000 0.00000 60 3
		time 60 0 0.600000 0.000000 0.000000 60 3
		
		time 0 1 0.000000 0.000000 0.000000 60 3
		time 60 1 0.000000 0.000000 0.600000 60 3
	}
	
	
	
	
	
	boneMotionData{ 4
		time 0 0 0.000000 0.000000 0.00000 60 3
		time 60 0 0.000000 0.000000 0.000000 60 3
		
		time 0 1 0.000000 0.000000 0.000000 60 3
		time 60 1 0.000000 0.000000 0.000000 60 3
	}
	
	boneMotionData{ 4
		time 0 0 0.000000 0.000000 0.00000 60 3
		time 60 0 -0.600000 0.000000 0.000000 60 3
		
		time 0 1 0.000000 0.000000 0.000000 60 3
		time 60 1 0.000000 0.000000 -0.600000 60 3
	}
	
	boneMotionData{ 4
		time 0 0 0.000000 0.000000 0.000000 60 3
		time 60 0 -0.600000 0.000000 0.000000 60 3
		
		time 0 1 0.000000 0.000000 0.000000 60 3
		time 60 1 0.000000 0.000000 -0.600000 60 3
	}
	
	
	
	
	
	boneMotionData{ 4
		time 0 0 0.000000 0.000000 0.00000 60 3
		time 60 0 0.000000 0.000000 0.000000 60 3
		
		time 0 1 0.000000 0.000000 0.000000 60 3
		time 60 1 0.000000 0.000000 0.000000 60 3
	}
	
	boneMotionData{ 4
		time 0 0 0.000000 0.000000 0.00000 60 3
		time 60 0 0.000000 0.000000 0.500000 60 3
		
		time 0 1 0.000000 0.000000 0.000000 60 3
		time 60 1 -0.600000 0.000000 0.240000 60 3
	}
	
	boneMotionData{ 4
		time 0 0 0.000000 0.000000 0.00000 60 3
		time 60 0 0.000000 0.000000 0.500000 60 3
		
		time 0 1 0.000000 0.000000 0.000000 60 3
		time 60 1 -0.600000 0.000000 0.240000 60 3
	}
	
	
	
	
	
	boneMotionData{ 4
		time 0 0 0.000000 0.000000 0.00000 60 3
		time 60 0 0.000000 0.000000 0.000000 60 3
		
		time 0 1 0.000000 0.000000 0.000000 60 3
		time 60 1 0.000000 0.000000 0.000000 60 3
	}
	
	boneMotionData{ 4
		time 0 0 0.000000 0.000000 0.00000 60 3
		time 60 0 0.000000 0.000000 0.500000 60 3
		
		time 0 1 0.000000 0.000000 0.000000 60 3
		time 60 1 -0.600000 0.000000 -0.240000 60 3
	}
	
	boneMotionData{ 4
		time 0 0 0.000000 0.000000 0.00000 60 3
		time 60 0 0.000000 0.000000 0.500000 60 3
		
		time 0 1 0.000000 0.000000 0.000000 60 3
		time 60 1 -0.600000 0.000000 -0.240000 60 3
	}
	
	
	
	
	
	boneMotionData{ 4
		time 0 0 0.000000 0.000000 0.00000 60 3
		time 60 0 0.000000 0.000000 0.000000 60 3
		
		time 0 1 0.000000 0.000000 0.000000 60 3
		time 60 1 0.000000 0.000000 0.000000 60 3
	}
	
	boneMotionData{ 4
		time 0 0 0.000000 0.000000 0.00000 60 3
		time 60 0 0.000000 0.000000 -0.500000 60 3
		
		time 0 1 0.000000 0.000000 0.000000 60 3
		time 60 1 0.600000 0.000000 0.240000 60 3
	}
	
	boneMotionData{ 4
		time 0 0 0.000000 0.000000 0.00000 60 3
		time 60 0 0.000000 0.000000 -0.500000 60 3
		
		time 0 1 0.000000 0.000000 0.000000 60 3
		time 60 1 0.600000 0.000000 0.240000 60 3
	}
	
	
	
	
	
	boneMotionData{ 4
		time 0 0 0.000000 0.000000 0.00000 60 3
		time 60 0 0.000000 0.000000 0.000000 60 3
		
		time 0 1 0.000000 0.000000 0.000000 60 3
		time 60 1 0.000000 0.000000 0.000000 60 3
	}
	
	boneMotionData{ 4
		time 0 0 0.000000 0.000000 0.00000 60 3
		time 60 0 0.000000 0.000000 -0.500000 60 3
		
		time 0 1 0.000000 0.000000 0.000000 60 3
		time 60 1 0.600000 0.000000 -0.240000 60 3
	}
	
	boneMotionData{ 4
		time 0 0 0.000000 0.000000 0.00000 60 3
		time 60 0 0.000000 0.000000 -0.500000 60 3
		
		time 0 1 0.000000 0.000000 0.000000 60 3
		time 60 1 0.600000 0.000000 -0.240000 60 3
	}
}
END
