Motion3DFile
loopTime 24
isLoop 1
boneMotionDatas{ 19
	boneMotionData{ 4
		time 0 0 0.000000 0.000000 0.00000 12 3
		time 12 0 0.000000 0.000000 0.000000 12 3
		
		time 0 1 0.080000 0.000000 0.000000 12 3
		time 12 1 0.080000 0.000000 0.000000 12 3
	}
	
	
	
	
	
	boneMotionData{ 4
		time 0 0 0.000000 0.000000 0.00000 12 3
		time 12 0 0.000000 0.000000 0.000000 12 3
		
		time 0 1 -0.080000 0.000000 0.400000 12 3
		time 12 1 -0.080000 0.000000 0.000000 12 3
	}
	
	boneMotionData{ 4
		time 0 0 0.000000 0.000000 0.00000 12 3
		time 12 0 0.000000 0.000000 0.000000 12 3
		
		time 0 1 0.000000 0.000000 -0.200000 12 3
		time 12 1 0.000000 0.000000 -0.200000 12 3
	}
	
	boneMotionData{ 4
		time 0 0 0.000000 0.000000 0.00000 12 3
		time 12 0 0.000000 0.000000 0.000000 12 3
		
		time 0 1 0.000000 0.000000 -0.200000 12 3
		time 12 1 0.000000 0.000000 -0.200000 12 3
	}
	
	
	
	
	
	boneMotionData{ 4
		time 0 0 0.000000 0.000000 0.00000 12 3
		time 12 0 0.000000 0.000000 0.000000 12 3
		
		time 0 1 -0.080000 0.000000 -0.400000 12 3
		time 12 1 -0.080000 0.000000 0.000000 12 3
	}
	
	boneMotionData{ 4
		time 0 0 0.000000 0.000000 0.00000 12 3
		time 12 0 0.000000 0.000000 0.000000 12 3
		
		time 0 1 0.000000 0.000000 0.200000 12 3
		time 12 1 0.000000 0.000000 0.200000 12 3
	}
	
	boneMotionData{ 4
		time 0 0 0.000000 0.000000 0.00000 12 3
		time 12 0 0.000000 0.000000 0.000000 12 3
		
		time 0 1 0.000000 0.000000 0.200000 12 3
		time 12 1 0.000000 0.000000 0.200000 12 3
	}
	
	
	
	
	
	boneMotionData{ 4
		time 0 0 0.000000 0.000000 0.00000 12 3
		time 12 0 0.000000 0.000000 0.000000 12 3
		
		time 0 1 0.000000 0.200000 0.000000 12 3
		time 12 1 -0.400000 0.200000 0.000000 12 3
	}
	
	boneMotionData{ 4
		time 0 0 0.000000 0.000000 0.00000 12 3
		time 12 0 0.000000 0.000000 0.000000 12 3
		
		time 0 1 0.200000 0.000000 0.000000 12 3
		time 12 1 0.200000 0.000000 0.000000 12 3
	}
	
	boneMotionData{ 4
		time 0 0 0.000000 0.000000 0.00000 12 3
		time 12 0 0.000000 0.000000 0.000000 12 3
		
		time 0 1 0.200000 0.000000 0.000000 12 3
		time 12 1 0.200000 0.000000 0.000000 12 3
	}
	
	
	
	
	
	boneMotionData{ 4
		time 0 0 0.000000 0.000000 0.00000 12 3
		time 12 0 0.000000 0.000000 0.000000 12 3
		
		time 0 1 -0.400000 -0.200000 0.000000 12 3
		time 12 1 0.000000 -0.200000 0.000000 12 3
	}
	
	boneMotionData{ 4
		time 0 0 0.000000 0.000000 0.00000 12 3
		time 12 0 0.000000 0.000000 0.000000 12 3
		
		time 0 1 0.200000 0.000000 0.000000 12 3
		time 12 1 0.200000 0.000000 0.000000 12 3
	}
	
	boneMotionData{ 4
		time 0 0 0.000000 0.000000 0.00000 12 3
		time 12 0 0.000000 0.000000 0.000000 12 3
		
		time 0 1 0.200000 0.000000 0.000000 12 3
		time 12 1 0.200000 0.000000 0.000000 12 3
	}
	
	
	
	
	
	boneMotionData{ 4
		time 0 0 0.000000 0.000000 0.00000 12 3
		time 12 0 0.000000 0.000000 0.000000 12 3
		
		time 0 1 0.400000 -0.200000 0.000000 12 3
		time 12 1 0.000000 -0.200000 0.000000 12 3
	}
	
	boneMotionData{ 4
		time 0 0 0.000000 0.000000 0.00000 12 3
		time 12 0 0.000000 0.000000 0.000000 12 3
		
		time 0 1 -0.200000 0.000000 0.000000 12 3
		time 12 1 -0.200000 0.000000 0.000000 12 3
	}
	
	boneMotionData{ 4
		time 0 0 0.000000 0.000000 0.00000 12 3
		time 12 0 0.000000 0.000000 0.000000 12 3
		
		time 0 1 -0.200000 0.000000 0.000000 12 3
		time 12 1 -0.200000 0.000000 0.000000 12 3
	}
	
	
	
	
	
	boneMotionData{ 4
		time 0 0 0.000000 0.000000 0.00000 12 3
		time 12 0 0.000000 0.000000 0.000000 12 3
		
		time 0 1 0.000000 0.200000 0.000000 12 3
		time 12 1 0.400000 0.200000 0.000000 12 3
	}
	
	boneMotionData{ 4
		time 0 0 0.000000 0.000000 0.00000 12 3
		time 12 0 0.000000 0.000000 0.000000 12 3
		
		time 0 1 -0.200000 0.000000 0.000000 12 3
		time 12 1 -0.200000 0.000000 0.000000 12 3
	}
	
	boneMotionData{ 4
		time 0 0 0.000000 0.000000 0.00000 12 3
		time 12 0 0.000000 0.000000 0.000000 12 3
		
		time 0 1 -0.200000 0.000000 0.000000 12 3
		time 12 1 -0.200000 0.000000 0.000000 12 3
	}
}
END
