Motion3DFile
loopTime 60
isLoop 1
boneMotionDatas{ 19
	boneMotionData{ 4
		time 0 0 0.000000 -0.800000 0.00000 30 3
		time 30 0 0.000000 -0.800000 0.000000 30 3
		
		time 0 1 0.000000 0.250000 0.000000 30 3
		time 30 1 0.000000 -0.250000 0.000000 30 3
	}
	
	
	
	
	
	boneMotionData{ 4
		time 0 0 -0.300000 0.500000 0.00000 30 3
		time 30 0 -0.300000 0.500000 0.000000 30 3
		
		time 0 1 0.000000 -0.250000 1.300000 30 3
		time 30 1 0.000000 0.250000 1.300000 30 3
	}
	
	boneMotionData{ 4
		time 0 0 0.600000 0.000000 0.00000 30 3
		time 30 0 0.600000 0.000000 0.000000 30 3
		
		time 0 1 -0.200000 0.000000 0.900000 30 3
		time 30 1 0.200000 0.000000 0.900000 30 3
	}
	
	boneMotionData{ 4
		time 0 0 -0.600000 -1.500000 0.00000 30 3
		time 30 0 -0.600000 -1.500000 0.000000 30 3
		
		time 0 1 -0.150000 0.000000 -0.600000 30 3
		time 30 1 0.150000 0.000000 -0.600000 30 3
	}
	
	
	
	
	
	boneMotionData{ 4
		time 0 0 0.300000 0.500000 0.00000 30 3
		time 30 0 0.300000 0.500000 0.000000 30 3
		
		time 0 1 0.000000 -0.250000 -1.300000 30 3
		time 30 1 0.000000 0.250000 -1.300000 30 3
	}
	
	boneMotionData{ 4
		time 0 0 -0.600000 0.000000 0.00000 30 3
		time 30 0 -0.600000 0.000000 0.000000 30 3
		
		time 0 1 0.200000 0.000000 -0.900000 30 3
		time 30 1 -0.200000 0.000000 -0.900000 30 3
	}
	
	boneMotionData{ 4
		time 0 0 0.600000 -1.500000 0.000000 30 3
		time 30 0 0.600000 -1.500000 0.000000 30 3
		
		time 0 1 0.150000 0.000000 0.600000 30 3
		time 30 1 -0.150000 0.000000 0.600000 30 3
	}
	
	
	
	
	
	boneMotionData{ 4
		time 0 0 0.000000 0.000000 0.00000 30 3
		time 30 0 0.000000 0.000000 0.000000 30 3
		
		time 0 1 0.000000 -0.250000 0.000000 30 3
		time 30 1 0.000000 0.250000 0.000000 30 3
	}
	
	boneMotionData{ 4
		time 0 0 0.000000 0.000000 0.500000 30 3
		time 30 0 0.000000 0.000000 0.500000 30 3
		
		time 0 1 -0.600000 -0.200000 0.240000 30 3
		time 30 1 -0.600000 0.200000 0.240000 30 3
	}
	
	boneMotionData{ 4
		time 0 0 0.000000 0.000000 0.500000 30 3
		time 30 0 0.000000 0.000000 0.500000 30 3
		
		time 0 1 -0.600000 -0.150000 0.240000 30 3
		time 30 1 -0.600000 0.150000 0.240000 30 3
	}
	
	
	
	
	
	boneMotionData{ 4
		time 0 0 0.000000 0.000000 0.00000 30 3
		time 30 0 0.000000 0.000000 0.000000 30 3
		
		time 0 1 0.000000 -0.250000 0.000000 30 3
		time 30 1 0.000000 0.250000 0.000000 30 3
	}
	
	boneMotionData{ 4
		time 0 0 0.000000 0.000000 0.500000 30 3
		time 30 0 0.000000 0.000000 0.500000 30 3
		
		time 0 1 -0.600000 -0.200000 -0.240000 30 3
		time 30 1 -0.600000 0.200000 -0.240000 30 3
	}
	
	boneMotionData{ 4
		time 0 0 0.000000 0.000000 0.500000 30 3
		time 30 0 0.000000 0.000000 0.500000 30 3
		
		time 0 1 -0.600000 -0.150000 -0.240000 30 3
		time 30 1 -0.600000 0.150000 -0.240000 30 3
	}
	
	
	
	
	
	boneMotionData{ 4
		time 0 0 0.000000 0.000000 0.00000 30 3
		time 30 0 0.000000 0.000000 0.000000 30 3
		
		time 0 1 0.000000 -0.250000 0.000000 30 3
		time 30 1 0.000000 0.250000 0.000000 30 3
	}
	
	boneMotionData{ 4
		time 0 0 0.000000 0.000000 -0.500000 30 3
		time 30 0 0.000000 0.000000 -0.500000 30 3
		
		time 0 1 0.600000 -0.200000 0.240000 30 3
		time 30 1 0.600000 0.200000 0.240000 30 3
	}
	
	boneMotionData{ 4
		time 0 0 0.000000 0.000000 -0.500000 30 3
		time 30 0 0.000000 0.000000 -0.500000 30 3
		
		time 0 1 0.600000 -0.150000 0.240000 30 3
		time 30 1 0.600000 0.150000 0.240000 30 3
	}
	
	
	
	
	
	boneMotionData{ 4
		time 0 0 0.000000 0.000000 0.00000 30 3
		time 30 0 0.000000 0.000000 0.000000 30 3
		
		time 0 1 0.000000 -0.250000 0.000000 30 3
		time 30 1 0.000000 0.250000 0.000000 30 3
	}
	
	boneMotionData{ 4
		time 0 0 0.000000 0.000000 -0.500000 30 3
		time 30 0 0.000000 0.000000 -0.500000 30 3
		
		time 0 1 0.600000 -0.200000 -0.240000 30 3
		time 30 1 0.600000 0.200000 -0.240000 30 3
	}
	
	boneMotionData{ 4
		time 0 0 0.000000 0.000000 -0.500000 30 3
		time 30 0 0.000000 0.000000 -0.500000 30 3
		
		time 0 1 0.600000 -0.150000 -0.240000 30 3
		time 30 1 0.600000 0.150000 -0.240000 30 3
	}
}
END
