Motion3DFile
loopTime 100
isLoop 1
boneMotionDatas{ 19
	boneMotionData{ 8
		time 0 0 0.000000 0.000000 0.00000 25 3
		time 25 0 0.000000 -0.300000 0.000000 25 3
		time 50 0 0.000000 0.000000 0.00000 25 3
		time 75 0 0.000000 -0.300000 0.000000 25 3
		
		time 0 1 0.000000 0.000000 0.000000 25 3
		time 25 1 0.200000 0.000000 0.200000 25 3
		time 50 1 0.000000 0.000000 0.000000 25 3
		time 75 1 0.200000 0.000000 -0.200000 25 3
	}
	
	
	
	
	
	boneMotionData{ 8
		time 0 0 0.000000 0.000000 0.00000 25 3
		time 25 0 0.000000 0.000000 0.000000 25 3
		time 50 0 0.000000 0.000000 0.00000 25 3
		time 75 0 0.000000 0.000000 0.000000 25 3
		
		time 0 1 0.000000 0.000000 0.000000 25 3
		time 25 1 -0.200000 0.000000 -0.100000 25 3
		time 50 1 0.000000 0.000000 0.000000 25 3
		time 75 1 -0.200000 0.000000 0.100000 25 3
	}
	
	boneMotionData{ 8
		time 0 0 0.000000 0.000000 0.00000 25 3
		time 25 0 0.600000 0.000000 0.000000 25 3
		time 50 0 0.000000 0.000000 0.00000 25 3
		time 75 0 0.600000 0.000000 0.000000 25 3
		
		time 0 1 0.000000 0.000000 0.000000 25 3
		time 25 1 0.000000 0.000000 0.600000 25 3
		time 50 1 0.000000 0.000000 0.000000 25 3
		time 75 1 0.000000 0.000000 0.600000 25 3
	}
	
	boneMotionData{ 8
		time 0 0 0.000000 0.000000 0.00000 25 3
		time 25 0 0.600000 0.000000 0.000000 25 3
		time 50 0 0.000000 0.000000 0.00000 25 3
		time 75 0 0.600000 0.000000 0.000000 25 3
		
		time 0 1 0.000000 0.000000 0.000000 25 3
		time 25 1 0.000000 0.000000 0.600000 25 3
		time 50 1 0.000000 0.000000 0.000000 25 3
		time 75 1 0.000000 0.000000 0.600000 25 3
	}
	
	
	
	
	
	boneMotionData{ 8
		time 0 0 0.000000 0.000000 0.00000 25 3
		time 25 0 0.000000 0.000000 0.000000 25 3
		time 50 0 0.000000 0.000000 0.00000 25 3
		time 75 0 0.000000 0.000000 0.000000 25 3
		
		time 0 1 0.000000 0.000000 0.000000 25 3
		time 25 1 -0.200000 0.000000 -0.100000 25 3
		time 50 1 0.000000 0.000000 0.000000 25 3
		time 75 1 -0.200000 0.000000 0.100000 25 3
	}
	
	boneMotionData{ 8
		time 0 0 0.000000 0.000000 0.00000 25 3
		time 25 0 -0.600000 0.000000 0.000000 25 3
		time 50 0 0.000000 0.000000 0.00000 25 3
		time 75 0 -0.600000 0.000000 0.000000 25 3
		
		time 0 1 0.000000 0.000000 0.000000 25 3
		time 25 1 0.000000 0.000000 -0.600000 25 3
		time 50 1 0.000000 0.000000 0.000000 25 3
		time 75 1 0.000000 0.000000 -0.600000 25 3
	}
	
	boneMotionData{ 8
		time 0 0 0.000000 0.000000 0.000000 25 3
		time 25 0 -0.600000 0.000000 0.000000 25 3
		time 50 0 0.000000 0.000000 0.000000 25 3
		time 75 0 -0.600000 0.000000 0.000000 25 3
		
		time 0 1 0.000000 0.000000 0.000000 25 3
		time 25 1 0.000000 0.000000 -0.600000 25 3
		time 50 1 0.000000 0.000000 0.000000 25 3
		time 75 1 0.000000 0.000000 -0.600000 25 3
	}
	
	
	
	
	
	boneMotionData{ 8
		time 0 0 0.000000 0.000000 0.00000 25 3
		time 25 0 0.000000 0.000000 0.000000 25 3
		time 50 0 0.000000 0.000000 0.00000 25 3
		time 75 0 0.000000 1.000000 0.000000 25 3
		
		time 0 1 0.000000 0.000000 0.000000 25 3
		time 25 1 -0.200000 0.000000 -0.100000 25 3
		time 50 1 0.000000 0.000000 0.000000 25 3
		time 75 1 -0.200000 0.000000 0.100000 25 3
	}
	
	boneMotionData{ 8
		time 0 0 0.000000 0.000000 0.00000 25 3
		time 25 0 0.000000 0.000000 0.500000 25 3
		time 50 0 0.000000 0.000000 0.00000 25 3
		time 75 0 0.000000 0.000000 0.500000 25 3
		
		time 0 1 0.000000 0.000000 0.000000 25 3
		time 25 1 -0.600000 0.000000 0.240000 25 3
		time 50 1 0.000000 0.000000 0.000000 25 3
		time 75 1 -0.600000 0.000000 0.240000 25 3
	}
	
	boneMotionData{ 8
		time 0 0 0.000000 0.000000 0.00000 25 3
		time 25 0 0.000000 0.000000 0.500000 25 3
		time 50 0 0.000000 0.000000 0.00000 25 3
		time 75 0 0.000000 0.000000 0.500000 25 3
		
		time 0 1 0.000000 0.000000 0.000000 25 3
		time 25 1 -0.600000 0.000000 0.240000 25 3
		time 50 1 0.000000 0.000000 0.000000 25 3
		time 75 1 -0.600000 0.000000 0.240000 25 3
	}
	
	
	
	
	
	boneMotionData{ 8
		time 0 0 0.000000 0.000000 0.00000 25 3
		time 25 0 0.000000 1.000000 0.000000 25 3
		time 50 0 0.000000 0.000000 0.00000 25 3
		time 75 0 0.000000 0.000000 0.000000 25 3
		
		time 0 1 0.000000 0.000000 0.000000 25 3
		time 25 1 -0.200000 0.000000 -0.100000 25 3
		time 50 1 0.000000 0.000000 0.000000 25 3
		time 75 1 -0.200000 0.000000 0.100000 25 3
	}
	
	boneMotionData{ 8
		time 0 0 0.000000 0.000000 0.00000 25 3
		time 25 0 0.000000 0.000000 0.500000 25 3
		time 50 0 0.000000 0.000000 0.00000 25 3
		time 75 0 0.000000 0.000000 0.500000 25 3
		
		time 0 1 0.000000 0.000000 0.000000 25 3
		time 25 1 -0.600000 0.000000 -0.240000 25 3
		time 50 1 0.000000 0.000000 0.000000 25 3
		time 75 1 -0.600000 0.000000 -0.240000 25 3
	}
	
	boneMotionData{ 8
		time 0 0 0.000000 0.000000 0.00000 25 3
		time 25 0 0.000000 0.000000 0.500000 25 3
		time 50 0 0.000000 0.000000 0.00000 25 3
		time 75 0 0.000000 0.000000 0.500000 25 3
		
		time 0 1 0.000000 0.000000 0.000000 25 3
		time 25 1 -0.600000 0.000000 -0.240000 25 3
		time 50 1 0.000000 0.000000 0.000000 25 3
		time 75 1 -0.600000 0.000000 -0.240000 25 3
	}
	
	
	
	
	
	boneMotionData{ 8
		time 0 0 0.000000 0.000000 0.00000 25 3
		time 25 0 0.000000 0.000000 0.000000 25 3
		time 50 0 0.000000 0.000000 0.00000 25 3
		time 75 0 0.000000 0.000000 0.000000 25 3
		
		time 0 1 0.000000 0.000000 0.000000 25 3
		time 25 1 -0.200000 0.000000 -0.100000 25 3
		time 50 1 0.000000 0.000000 0.000000 25 3
		time 75 1 -0.200000 0.000000 0.100000 25 3
	}
	
	boneMotionData{ 8
		time 0 0 0.000000 0.000000 0.00000 25 3
		time 25 0 0.000000 0.000000 -0.500000 25 3
		time 50 0 0.000000 0.000000 0.00000 25 3
		time 75 0 0.000000 0.000000 -0.500000 25 3
		
		time 0 1 0.000000 0.000000 0.000000 25 3
		time 25 1 0.600000 0.000000 0.240000 25 3
		time 50 1 0.000000 0.000000 0.000000 25 3
		time 75 1 0.600000 0.000000 0.240000 25 3
	}
	
	boneMotionData{ 8
		time 0 0 0.000000 0.000000 0.00000 25 3
		time 25 0 0.000000 0.000000 -0.500000 25 3
		time 50 0 0.000000 0.000000 0.00000 25 3
		time 75 0 0.000000 0.000000 -0.500000 25 3
		
		time 0 1 0.000000 0.000000 0.000000 25 3
		time 25 1 0.600000 0.000000 0.240000 25 3
		time 50 1 0.000000 0.000000 0.000000 25 3
		time 75 1 0.600000 0.000000 0.240000 25 3
	}
	
	
	
	
	
	boneMotionData{ 8
		time 0 0 0.000000 0.000000 0.00000 25 3
		time 25 0 0.000000 0.000000 0.000000 25 3
		time 50 0 0.000000 0.000000 0.00000 25 3
		time 75 0 0.000000 0.000000 0.000000 25 3
		
		time 0 1 0.000000 0.000000 0.000000 25 3
		time 25 1 -0.200000 0.000000 -0.100000 25 3
		time 50 1 0.000000 0.000000 0.000000 25 3
		time 75 1 -0.200000 0.000000 0.100000 25 3
	}
	
	boneMotionData{ 8
		time 0 0 0.000000 0.000000 0.00000 25 3
		time 25 0 0.000000 0.000000 -0.500000 25 3
		time 50 0 0.000000 0.000000 0.00000 25 3
		time 75 0 0.000000 0.000000 -0.500000 25 3
		
		time 0 1 0.000000 0.000000 0.000000 25 3
		time 25 1 0.600000 0.000000 -0.240000 25 3
		time 50 1 0.000000 0.000000 0.000000 25 3
		time 75 1 0.600000 0.000000 -0.240000 25 3
	}
	
	boneMotionData{ 8
		time 0 0 0.000000 0.000000 0.00000 25 3
		time 25 0 0.000000 0.000000 -0.500000 25 3
		time 50 0 0.000000 0.000000 0.00000 25 3
		time 75 0 0.000000 0.000000 -0.500000 25 3
		
		time 0 1 0.000000 0.000000 0.000000 25 3
		time 25 1 0.600000 0.000000 -0.240000 25 3
		time 50 1 0.000000 0.000000 0.000000 25 3
		time 75 1 0.600000 0.000000 -0.240000 25 3
	}
}
END
