Motion3DFile
loopTime 48
isLoop 0
boneMotionDatas{ 19
	boneMotionData{ 4
		time 0 0 0.000000 3.500000 0.40000 12 2
		time 12 0 0.000000 0.000000 0.000000 36 3
		
		time 0 1 -0.15000 0.00000 0.000000 12 2
		time 12 1 0.080000 0.000000 0.000000 36 3
	}
	
	
	
	
	
	boneMotionData{ 4
		time 0 0 0.000000 0.000000 0.00000 12 2
		time 12 0 0.000000 0.000000 0.000000 36 3
		
		time 0 1 0.150000 0.000000 0.000000 12 2
		time 12 1 -0.080000 0.000000 0.400000 36 3
	}
	
	boneMotionData{ 4
		time 0 0 0.000000 -1.600000 0.00000 12 2
		time 12 0 0.000000 0.000000 0.000000 36 3
		
		time 0 1 0.000000 0.000000 0.000000 12 2
		time 12 1 0.000000 0.000000 -0.200000 36 3
	}
	
	boneMotionData{ 4
		time 0 0 0.000000 -1.600000 0.00000 12 2
		time 12 0 0.000000 0.000000 0.000000 36 3
		
		time 0 1 0.000000 0.000000 0.000000 12 2
		time 12 1 0.000000 0.000000 -0.200000 36 3
	}
	
	
	
	
	
	boneMotionData{ 4
		time 0 0 0.000000 0.000000 0.00000 12 2
		time 12 0 0.000000 0.000000 0.000000 36 3
		
		time 0 1 0.150000 0.000000 0.000000 12 2
		time 12 1 -0.080000 0.000000 -0.400000 36 3
	}
	
	boneMotionData{ 4
		time 0 0 0.000000 -1.600000 0.00000 12 2
		time 12 0 0.000000 0.000000 0.000000 36 3
		
		time 0 1 0.000000 0.000000 0.000000 12 2
		time 12 1 0.000000 0.000000 0.200000 36 3
	}
	
	boneMotionData{ 4
		time 0 0 0.000000 -1.600000 0.00000 12 2
		time 12 0 0.000000 0.000000 0.000000 36 3
		
		time 0 1 0.000000 0.000000 0.000000 12 2
		time 12 1 0.000000 0.000000 0.200000 36 3
	}
	
	
	
	
	
	boneMotionData{ 4
		time 0 0 0.000000 0.000000 0.00000 12 2
		time 12 0 0.000000 0.000000 0.000000 36 3
		
		time 0 1 0.150000 0.000000 0.000000 12 2
		time 12 1 -0.400000 0.200000 0.000000 36 3
	}
	
	boneMotionData{ 4
		time 0 0 0.000000 -1.600000 0.00000 12 2
		time 12 0 0.000000 0.000000 0.000000 36 3
		
		time 0 1 0.000000 0.000000 0.000000 12 2
		time 12 1 0.200000 0.000000 0.000000 36 3
	}
	
	boneMotionData{ 4
		time 0 0 0.000000 -1.600000 0.00000 12 2
		time 12 0 0.000000 0.000000 0.000000 36 3
		
		time 0 1 0.000000 0.000000 0.000000 12 2
		time 12 1 0.200000 0.000000 0.000000 36 3
	}
	
	
	
	
	
	boneMotionData{ 4
		time 0 0 0.000000 0.000000 0.00000 12 2
		time 12 0 0.000000 0.000000 0.000000 36 3
		
		time 0 1 0.150000 0.000000 0.000000 12 2
		time 12 1 -0.400000 -0.200000 0.000000 36 3
	}
	
	boneMotionData{ 4
		time 0 0 0.000000 -1.600000 0.00000 12 2
		time 12 0 0.000000 0.000000 0.000000 36 3
		
		time 0 1 0.000000 0.000000 0.000000 12 2
		time 12 1 0.200000 0.000000 0.000000 36 3
	}
	
	boneMotionData{ 4
		time 0 0 0.000000 -1.600000 0.00000 12 2
		time 12 0 0.000000 0.000000 0.000000 36 3
		
		time 0 1 0.000000 0.000000 0.000000 12 2
		time 12 1 0.200000 0.000000 0.000000 36 3
	}
	
	
	
	
	
	boneMotionData{ 4
		time 0 0 0.000000 0.000000 0.00000 12 2
		time 12 0 0.000000 0.000000 0.000000 36 3
		
		time 0 1 0.150000 0.000000 0.000000 12 2
		time 12 1 0.400000 -0.200000 0.000000 36 3
	}
	
	boneMotionData{ 4
		time 0 0 0.000000 -1.600000 0.00000 12 2
		time 12 0 0.000000 0.000000 0.000000 36 3
		
		time 0 1 0.000000 0.000000 0.000000 12 2
		time 12 1 -0.200000 0.000000 0.000000 36 3
	}
	
	boneMotionData{ 4
		time 0 0 0.000000 -1.600000 0.00000 12 2
		time 12 0 0.000000 0.000000 0.000000 36 3
		
		time 0 1 0.000000 0.000000 0.000000 12 2
		time 12 1 -0.200000 0.000000 0.000000 36 3
	}
	
	
	
	
	
	boneMotionData{ 4
		time 0 0 0.000000 0.000000 0.00000 12 2
		time 12 0 0.000000 0.000000 0.000000 36 3
		
		time 0 1 0.150000 0.000000 0.000000 12 2
		time 12 1 0.400000 0.200000 0.000000 36 3
	}
	
	boneMotionData{ 4
		time 0 0 0.000000 -1.600000 0.00000 12 2
		time 12 0 0.000000 0.000000 0.000000 36 3
		
		time 0 1 0.000000 0.000000 0.000000 12 2
		time 12 1 -0.200000 0.000000 0.000000 36 3
	}
	
	boneMotionData{ 4
		time 0 0 0.000000 -1.600000 0.00000 12 2
		time 12 0 0.000000 0.000000 0.000000 36 3
		
		time 0 1 0.000000 0.000000 0.000000 12 2
		time 12 1 -0.200000 0.000000 0.000000 36 3
	}
}
END
