Motion3DFile
loopTime 30
isLoop 0
boneMotionDatas{ 19
	boneMotionData{ 4
		time 0 0 0.000000 -4.000000 0.00000 5 2
		time 5 0 0.000000 0.000000 0.000000 25 2
		
		time 0 1 0.000000 0.000000 0.000000 5 2
		time 5 1 0.000000 0.000000 0.000000 25 2
	}
	
	
	
	
	
	boneMotionData{ 4
		time 0 0 0.000000 0.000000 0.00000 5 2
		time 5 0 0.000000 0.000000 0.000000 25 2
		
		time 0 1 0.000000 0.000000 1.200000 5 2
		time 5 1 0.000000 0.000000 0.000000 25 2
	}
	
	boneMotionData{ 4
		time 0 0 0.000000 -2.000000 0.000000 5 2
		time 5 0 0.000000 0.000000 0.000000 25 2
		
		time 0 1 0.000000 0.000000 0.400000 5 2
		time 5 1 0.000000 0.000000 0.000000 25 2
	}
	
	boneMotionData{ 4
		time 0 0 0.000000 -2.000000 0.00000 5 2
		time 5 0 0.000000 0.000000 0.000000 25 2
		
		time 0 1 0.000000 0.000000 0.400000 5 2
		time 5 1 0.000000 0.000000 0.000000 25 2
	}
	
	
	
	
	
	boneMotionData{ 4
		time 0 0 0.000000 0.000000 0.00000 5 2
		time 5 0 0.000000 0.000000 0.000000 25 2
		
		time 0 1 0.000000 0.000000 -1.200000 5 2
		time 5 1 0.000000 0.000000 0.000000 25 2
	}
	
	boneMotionData{ 4
		time 0 0 0.000000 -2.000000 0.000000 5 2
		time 5 0 0.000000 0.000000 0.000000 25 2
		
		time 0 1 0.000000 0.000000 -0.400000 5 2
		time 5 1 0.000000 0.000000 0.000000 25 2
	}
	
	boneMotionData{ 4
		time 0 0 0.000000 -2.000000 0.00000 5 2
		time 5 0 0.000000 0.000000 0.000000 25 2
		
		time 0 1 0.000000 0.000000 -0.400000 5 2
		time 5 1 0.000000 0.000000 0.000000 25 2
	}
	
	
	
	
	
	boneMotionData{ 4
		time 0 0 0.000000 0.000000 0.00000 5 2
		time 5 0 0.000000 0.000000 0.000000 25 2
		
		time 0 1 -1.200000 0.300000 0.000000 5 2
		time 5 1 0.000000 0.000000 0.000000 25 2
	}
	
	boneMotionData{ 4
		time 0 0 0.000000 -2.000000 0.00000 5 2
		time 5 0 0.000000 0.000000 0.000000 25 2
		
		time 0 1 -0.400000 0.000000 0.000000 5 2
		time 5 1 0.000000 0.000000 0.000000 25 2
	}
	
	boneMotionData{ 4
		time 0 0 0.000000 -2.000000 0.00000 5 2
		time 5 0 0.000000 0.000000 0.000000 25 2
		
		time 0 1 -0.400000 0.000000 0.000000 5 2
		time 5 1 0.000000 0.000000 0.000000 25 2
	}
	
	
	
	
	
	boneMotionData{ 4
		time 0 0 0.000000 0.000000 0.00000 5 2
		time 5 0 0.000000 0.000000 0.000000 25 2
		
		time 0 1 -1.200000 -0.300000 0.000000 5 2
		time 5 1 0.000000 0.000000 0.000000 25 2
	}
	
	boneMotionData{ 4
		time 0 0 0.000000 -2.000000 0.00000 5 2
		time 5 0 0.000000 0.000000 0.000000 25 2
		
		time 0 1 -0.400000 0.000000 0.000000 5 2
		time 5 1 0.000000 0.000000 0.000000 25 2
	}
	
	boneMotionData{ 4
		time 0 0 0.000000 -2.000000 0.00000 5 2
		time 5 0 0.000000 0.000000 0.000000 25 2
		
		time 0 1 -0.400000 0.000000 0.000000 5 2
		time 5 1 0.000000 0.000000 0.000000 25 2
	}
	
	
	
	
	
	boneMotionData{ 4
		time 0 0 0.000000 0.000000 0.00000 5 2
		time 5 0 0.000000 0.000000 0.000000 25 2
		
		time 0 1 1.200000 -0.300000 0.000000 5 2
		time 5 1 0.000000 0.000000 0.000000 25 2
	}
	
	boneMotionData{ 4
		time 0 0 0.000000 -2.000000 0.00000 5 2
		time 5 0 0.000000 0.000000 0.000000 25 2
		
		time 0 1 0.400000 0.000000 0.000000 5 2
		time 5 1 0.000000 0.000000 0.000000 25 2
	}
	
	boneMotionData{ 4
		time 0 0 0.000000 -2.000000 0.00000 5 2
		time 5 0 0.000000 0.000000 0.000000 25 2
		
		time 0 1 0.400000 0.000000 0.000000 5 2
		time 5 1 0.000000 0.000000 0.000000 25 2
	}
	
	
	
	
	
	boneMotionData{ 4
		time 0 0 0.000000 0.000000 0.00000 5 2
		time 5 0 0.000000 0.000000 0.000000 25 2
		
		time 0 1 1.200000 0.300000 0.000000 5 2
		time 5 1 0.000000 0.000000 0.000000 25 2
	}
	
	boneMotionData{ 4
		time 0 0 0.000000 -2.000000 0.00000 5 2
		time 5 0 0.000000 0.000000 0.000000 25 2
		
		time 0 1 0.400000 0.000000 0.000000 5 2
		time 5 1 0.000000 0.000000 0.000000 25 2
	}
	
	boneMotionData{ 4
		time 0 0 0.000000 -2.000000 0.00000 5 2
		time 5 0 0.000000 0.000000 0.000000 25 2
		
		time 0 1 0.400000 0.000000 0.000000 5 2
		time 5 1 0.000000 0.000000 0.000000 25 2
	}
}
END
