Motion3DFile
loopTime 60
isLoop 1
boneMotionDatas{ 19
	boneMotionData{ 4
		time 0 0 0.000000 0.000000 0.00000 20 3
		time 20 0 0.000000 -1.000000 3.000000 40 3
		
		time 0 1 0.000000 0.000000 0.000000 20 3
		time 20 1 -0.100000 0.000000 0.000000 40 3
	}
	
	
	
	
	
	boneMotionData{ 4
		time 0 0 0.000000 0.000000 0.00000 20 3
		time 20 0 0.000000 0.000000 0.000000 40 3
		
		time 0 1 0.000000 0.000000 0.000000 20 3
		time 20 1 0.000000 0.000000 0.000000 40 3
	}
	
	
	boneMotionData{ 4
		time 0 0 0.000000 0.000000 0.00000 20 3
		time 20 0 0.000000 0.000000 0.000000 40 3
		
		time 0 1 0.000000 0.000000 0.000000 20 3
		time 20 1 0.500000 0.000000 0.000000 40 3
	}
	
	
	boneMotionData{ 4
		time 0 0 0.000000 0.000000 0.00000 20 3
		time 20 0 0.000000 0.000000 0.000000 40 3
		
		time 0 1 0.000000 0.000000 0.000000 20 3
		time 20 1 0.500000 0.000000 0.000000 40 3
	}
	
	
	
	
	
	boneMotionData{ 4
		time 0 0 0.000000 0.000000 0.00000 20 3
		time 20 0 0.000000 0.000000 0.000000 40 3
		
		time 0 1 0.000000 0.000000 0.000000 20 3
		time 20 1 0.000000 0.000000 0.000000 40 3
	}
	
	
	boneMotionData{ 4
		time 0 0 0.000000 0.000000 0.00000 20 3
		time 20 0 0.000000 0.000000 0.000000 40 3
		
		time 0 1 0.000000 0.000000 0.000000 20 3
		time 20 1 0.500000 0.000000 0.000000 40 3
	}
	
	
	boneMotionData{ 4
		time 0 0 0.000000 0.000000 0.00000 20 3
		time 20 0 0.000000 0.000000 0.000000 40 3
		
		time 0 1 0.000000 0.000000 0.000000 20 3
		time 20 1 0.500000 0.000000 0.000000 40 3
	}
	
	
	
	
	
	boneMotionData{ 4
		time 0 0 0.000000 0.000000 0.00000 20 3
		time 20 0 0.000000 0.000000 0.000000 40 3
		
		time 0 1 0.000000 0.000000 0.000000 20 3
		time 20 1 -0.400000 0.000000 0.000000 40 3
	}
	
	
	boneMotionData{ 4
		time 0 0 0.000000 0.000000 0.00000 20 3
		time 20 0 0.000000 0.000000 0.000000 40 3
		
		time 0 1 0.000000 0.000000 0.000000 20 3
		time 20 1 0.600000 0.000000 0.000000 40 3
	}
	
	
	boneMotionData{ 4
		time 0 0 0.000000 0.000000 0.00000 20 3
		time 20 0 0.000000 0.000000 0.000000 40 3
		
		time 0 1 0.000000 0.000000 0.000000 20 3
		time 20 1 0.600000 0.000000 0.000000 40 3
	}
	
	
	
	
	
	boneMotionData{ 4
		time 0 0 0.000000 0.000000 0.00000 20 3
		time 20 0 0.000000 0.000000 0.000000 40 3
		
		time 0 1 0.000000 0.000000 0.000000 20 3
		time 20 1 -0.400000 0.000000 0.000000 40 3
	}
	
	
	boneMotionData{ 4
		time 0 0 0.000000 0.000000 0.00000 20 3
		time 20 0 0.000000 0.000000 0.000000 40 3
		
		time 0 1 0.000000 0.000000 0.000000 20 3
		time 20 1 0.600000 0.000000 0.000000 40 3
	}
	
	
	boneMotionData{ 4
		time 0 0 0.000000 0.000000 0.00000 20 3
		time 20 0 0.000000 0.000000 0.000000 40 3
		
		time 0 1 0.000000 0.000000 0.000000 20 3
		time 20 1 0.600000 0.000000 0.000000 40 3
	}
	
	
	
	
	
	boneMotionData{ 4
		time 0 0 0.000000 0.000000 0.00000 20 3
		time 20 0 0.000000 0.000000 0.000000 40 3
		
		time 0 1 0.000000 0.000000 0.000000 20 3
		time 20 1 0.400000 0.000000 0.000000 40 3
	}
	
	
	boneMotionData{ 4
		time 0 0 0.000000 0.000000 0.00000 20 3
		time 20 0 0.000000 0.000000 -0.300000 40 3
		
		time 0 1 0.000000 0.000000 0.000000 20 3
		time 20 1 0.400000 0.000000 0.000000 40 3
	}
	
	
	boneMotionData{ 4
		time 0 0 0.000000 0.000000 0.00000 20 3
		time 20 0 0.000000 0.000000 -0.300000 40 3
		
		time 0 1 0.000000 0.000000 0.000000 20 3
		time 20 1 0.400000 0.000000 0.000000 40 3
	}
	
	
	
	
	
	boneMotionData{ 4
		time 0 0 0.000000 0.000000 0.00000 20 3
		time 20 0 0.000000 0.000000 0.000000 40 3
		
		time 0 1 0.000000 0.000000 0.000000 20 3
		time 20 1 0.400000 0.000000 0.000000 40 3
	}
	
	
	boneMotionData{ 4
		time 0 0 0.000000 0.000000 0.00000 20 3
		time 20 0 0.000000 0.000000 -0.300000 40 3
		
		time 0 1 0.000000 0.000000 0.000000 20 3
		time 20 1 0.400000 0.000000 0.000000 40 3
	}
	
	
	boneMotionData{ 4
		time 0 0 0.000000 0.000000 0.00000 20 3
		time 20 0 0.000000 0.000000 -0.300000 40 3
		
		time 0 1 0.000000 0.000000 0.000000 20 3
		time 20 1 0.400000 0.000000 0.000000 40 3
	}
}
END
