Rail3DFile
isLoop 0
scale 7.000000
points{ 15
  210.155334 75.000000 17.401476
  98.603348 46.500000 21.870953
  52.421841 58.500000 21.162729
  5.500894 38.500000 20.652039
  -40.477577 61.500000 -0.445306
  -225.929352 61.500000 11.570571
  -51.997711 52.500000 0.693607
  -8.497761 37.500000 0.195086
  32.991310 57.000000 -0.757400
  19.994734 86.500000 -0.459031
  -4.998683 98.500000 0.114757
  -34.490910 84.500000 0.791825
  -44.499714 54.500000 0.521470
  -2.499340 39.500000 0.057376
  219.941162 57.500000 -5.049327
}
END
