Motion3DFile
loopTime 120
isLoop 1
boneMotionDatas{ 13
	boneMotionData{ 4
		time 0 0 0.000000 0.000000 0.40000 60 3
		time 60 0 0.000000 -0.250000 0.000000 60 3
		
		time 0 1 0.400000 -0.200000 0.000000 60 3
		time 60 1 0.480000 -0.200000 0.000000 60 3
	}
	
	
	
	
	boneMotionData{ 4
		time 0 0 0.000000 0.000000 0.000000 60 3
		time 60 0 0.000000 0.000000 0.000000 60 3
		
		time 0 1 -0.300000 -0.160000 -0.250000 60 3
		time 60 1 -0.300000 0.160000 -0.250000 60 3
	}
	
	boneMotionData{ 4
		time 0 0 0.000000 0.000000 0.000000 60 3
		time 60 0 0.000000 0.000000 0.000000 60 3
		
		time 0 1 -0.300000 0.160000 0.250000 60 3
		time 60 1 -0.300000 -0.160000 0.250000 60 3
	}
	
	
	
	
	boneMotionData{ 4
		time 0 0 0.000000 0.000000 1.500000 60 3
		time 60 0 0.000000 0.000000 1.500000 60 3
		
		time 0 1 -0.300000 -0.160000 0.000000 60 3
		time 60 1 -0.300000 0.160000 0.000000 60 3
	}
	
	boneMotionData{ 4
		time 0 0 0.000000 0.000000 1.500000 60 3
		time 60 0 0.000000 0.000000 1.500000 60 3
		
		time 0 1 -0.300000 0.160000 0.000000 60 3
		time 60 1 -0.300000 -0.160000 0.000000 60 3
	}
	
	
	
	
	boneMotionData{ 4
		time 0 0 0.000000 0.000000 0.480000 60 3
		time 60 0 0.000000 0.000000 -0.480000 60 3
		
		time 0 1 0.000000 -0.160000 0.000000 60 3
		time 60 1 0.000000 0.160000 0.000000 60 3
	}
	
	boneMotionData{ 4
		time 0 0 0.000000 0.000000 0.480000 60 3
		time 60 0 0.000000 0.000000 -0.480000 60 3
		
		time 0 1 0.000000 0.160000 0.000000 60 3
		time 60 1 0.000000 -0.160000 0.000000 60 3
	}
	
	
	
	
	boneMotionData{ 4
		time 0 0 0.000000 0.000000 0.000000 60 3
		time 60 0 0.000000 0.000000 0.640000 60 3
		
		time 0 1 -0.400000 0.250000 0.000000 60 3
		time 60 1 -0.480000 0.250000 0.000000 60 3
	}
	
	boneMotionData{ 4
		time 0 0 0.000000 0.000000 0.000000 60 3
		time 60 0 0.000000 0.200000 0.640000 60 3
		
		time 0 1 -0.400000 0.000000 0.000000 60 3
		time 60 1 -0.480000 0.000000 0.000000 60 3
	}
	
	
	
	
	boneMotionData{ 4
		time 0 0 0.000000 0.000000 0.000000 60 3
		time 60 0 0.000000 0.000000 -0.320000 60 3
		
		time 0 1 0.000000 0.000000 0.000000 60 3
		time 60 1 0.080000 0.000000 0.000000 60 3
	}
	
	boneMotionData{ 4
		time 0 0 0.000000 0.000000 0.000000 60 3
		time 60 0 0.000000 0.000000 -0.320000 60 3
		
		time 0 1 0.00000 0.000000 0.000000 60 3
		time 60 1 0.080000 0.000000 0.000000 60 3
	}
	
	
	
	
	boneMotionData{ 2
		time 0 1 0.200000 0.000000 0.000000 60 3
		time 60 1 0.000000 0.000000 0.000000 60 3
	}
	boneMotionData{ 2
		time 0 1 0.200000 0.000000 0.000000 60 3
		time 60 1 0.000000 0.000000 0.000000 60 3
	}	
}
END
