Motion3DFile
loopTime 24
isLoop 1
boneMotionDatas{ 13
	boneMotionData{ 4
		time 0 0 0.000000 0.000000 0.00000 12 3
		time 12 0 0.000000 0.000000 0.000000 12 3
		
		time 0 1 0.250000 0.00000 0.000000 12 3
		time 12 1 0.260000 0.000000 0.000000 12 3
	}
	
	
	
	
	boneMotionData{ 4
		time 0 0 -1.000000 8.000000 0.400000 12 3
		time 12 0 -1.000000 8.000000 -0.600000 12 3
		
		time 0 1 0.150000 0.000000 1.400000 12 3
		time 12 1 -0.20000 0.000000 1.400000 12 3
	}
	
	
	boneMotionData{ 4
		time 0 0 1.000000 8.000000 -0.600000 12 3
		time 12 0 1.000000 8.000000 0.400000 12 3
		
		time 0 1 -0.200000 0.000000 -1.400000 12 3
		time 12 1 0.150000 0.000000 -1.400000 12 3
	}
	
	
	
	
	boneMotionData{ 4
		time 0 0 1.000000 -1.000000 -0.300000 12 3
		time 12 0 1.000000 -1.000000 0.200000 12 3
		
		time 0 1 -0.100000 0.000000 0.400000 12 3
		time 12 1 0.050000 0.000000 0.400000 12 3
	}
	
	
	boneMotionData{ 4
		time 0 0 -1.000000 -1.000000 0.200000 12 3
		time 12 0 -1.000000 -1.000000 -0.300000 12 3
		
		time 0 1 0.050000 0.000000 -0.400000 12 3
		time 12 1 -0.100000 0.000000 -0.400000 12 3
	}
	
	
	
	
	boneMotionData{ 4
		time 0 0 1.000000 -1.000000 0.200000 12 3
		time 12 0 1.000000 -1.000000 -0.300000 12 3
		
		time 0 1 0.050000 0.000000 0.400000 12 3
		time 12 1 -0.100000 0.000000 0.400000 12 3
	}
	
	
	boneMotionData{ 4
		time 0 0 -1.000000 -1.000000 -0.300000 12 3
		time 12 0 -1.000000 -1.000000 0.200000 12 3
		
		time 0 1 -0.100000 0.000000 -0.400000 12 3
		time 12 1 0.050000 0.000000 -0.400000 12 3
	}
	
	
	
	
	boneMotionData{ 4
		time 0 0 0.100000 0.000000 0.000000 12 3
		time 12 0 0.000000 0.000000 0.000000 12 3
		
		time 0 1 0.100000 0.00000 0.000000 12 0
		time 12 1 -0.100000 0.000000 0.000000 12 3
	}
	
	
	boneMotionData{ 4
		time 0 0 0.000000 0.000000 0.000000 12 3
		time 12 0 0.000000 0.000000 0.000000 12 3
		
		time 0 1 -0.100000 0.00000 0.000000 12 3
		time 12 1 0.100000 0.000000 0.000000 12 3
	}
	
	
	
	
	boneMotionData{ 4
		time 0 0 0.000000 0.000000 0.000000 12 3
		time 12 0 0.000000 0.000000 0.000000 12 3
		
		time 0 1 0.000000 0.000000 0.000000 12 3
		time 12 1 0.000000 0.000000 0.000000 12 3
	}
	
	
	boneMotionData{ 4
		time 0 0 0.000000 0.000000 0.000000 12 3
		time 12 0 0.000000 0.000000 0.000000 12 3
		
		time 0 1 0.00000 0.000000 0.000000 12 3
		time 12 1 0.000000 0.000000 0.000000 12 3
	}
	
	
	
	
	boneMotionData{ 2
		time 0 1 0.000000 0.00000 0.000000 12 3
		time 12 1 0.000000 0.000000 0.000000 12 3
	}
	boneMotionData{ 2
		time 0 1 0.000000 0.00000 0.000000 12 3
		time 12 1 0.000000 0.000000 0.000000 12 3
	}	
}
END
