Motion3DFile
loopTime 60
isLoop 1
boneMotionDatas{ 13
    boneMotionData{ 4
        time 0 0 0.000000 0.000000 0.00000 30 3
        time 30 0 0.000000 -0.100000 0.000000 30 3
        
        time 0 1 0.100000 0.000000 0.100000 30 3
        time 30 1 0.100000 0.000000 0.100000 30 3
    }
    
    
    
    
    boneMotionData{ 4
        time 0 0 -1.800000 0.000000 3.00000 30 3
        time 30 0 -1.800000 0.000000 3.000000 30 3
        
        time 0 1 -1.200000 0.000000 -0.500000 30 3
        time 30 1 -1.200000 0.000000 -0.500000 30 3
    }
    
    boneMotionData{ 4
        time 0 0 1.800000 0.000000 3.00000 30 3
        time 30 0 1.800000 0.000000 3.000000 30 3
        
        time 0 1 -1.200000 0.000000 0.500000 30 3
        time 30 1 -1.200000 0.000000 0.500000 30 3
    }
    
    
    
    
    boneMotionData{ 4
        time 0 0 -6.000000 2.000000 2.50000 30 3
        time 30 0 -6.000000 2.000000 2.500000 30 3
        
        time 0 1 -0.800000 0.000000 -1.500000 30 3
        time 30 1 -0.800000 0.000000 -1.500000 30 3
    }
    
    boneMotionData{ 4
        time 0 0 6.000000 2.000000 2.50000 30 3
        time 30 0 6.000000 2.000000 2.500000 30 3
        
        time 0 1 -0.800000 0.000000 1.500000 30 3
        time 30 1 -0.800000 0.000000 1.500000 30 3
    }
    
    
    
    
    boneMotionData{ 4
        time 0 0 0.000000 -2.000000 0.00000 30 3
        time 30 0 0.000000 -2.000000 0.000000 30 3
        
        time 0 1 0.000000 0.000000 0.000000 30 3
        time 30 1 0.000000 0.000000 0.000000 30 3
    }
    
    boneMotionData{ 4
        time 0 0 0.000000 -2.000000 0.00000 30 3
        time 30 0 0.000000 -2.000000 0.000000 30 3
        
        time 0 1 0.000000 0.000000 0.000000 30 3
        time 30 1 0.000000 0.000000 0.000000 30 3
    }
    
    
    
    
    boneMotionData{ 4
        time 0 0 0.000000 0.000000 0.00000 30 3
        time 30 0 0.000000 0.100000 0.000000 30 3
        
        time 0 1 -0.100000 0.000000 -0.100000 30 3
        time 30 1 -0.100000 0.000000 -0.100000 30 3
    }
    
    boneMotionData{ 4
        time 0 0 0.000000 0.000000 0.00000 30 3
        time 30 0 0.000000 0.100000 0.000000 30 3
        
        time 0 1 -0.300000 0.000000 -0.100000 30 3
        time 30 1 -0.300000 0.000000 -0.100000 30 3
    }
    
    
    
    
    boneMotionData{ 4
        time 0 0 0.000000 0.000000 0.00000 30 3
        time 30 0 0.000000 0.000000 0.000000 30 3
        
        time 0 1 0.000000 0.000000 0.000000 30 3
        time 30 1 0.000000 0.000000 0.000000 30 3
    }
    
    boneMotionData{ 4
        time 0 0 0.000000 0.000000 0.00000 30 3
        time 30 0 0.000000 0.000000 0.000000 30 3
        
        time 0 1 0.200000 0.000000 0.000000 30 3
        time 30 1 0.200000 0.000000 0.000000 30 3
    }
    
    
    
    
    boneMotionData{ 4
        time 0 0 0.000000 0.000000 0.00000 30 3
        time 30 0 0.000000 0.000000 0.000000 30 3
        
        time 0 1 0.000000 0.000000 0.000000 30 3
        time 30 1 0.000000 0.000000 0.000000 30 3
    }
    
    boneMotionData{ 4
        time 0 0 0.000000 0.000000 0.00000 30 3
        time 30 0 0.000000 0.000000 0.000000 30 3
        
        time 0 1 -0.300000 0.000000 0.000000 30 2
        time 30 1 -0.100000 0.000000 0.000000 30 1
    }
}
END