Motion3DFile
loopTime 150
isLoop 0
boneMotionDatas{ 13
	boneMotionData{ 6
		time 0 0 0.000000 0.000000 8.00000 60 3
		time 60 0 0.000000 0.000000 8.00000 60 3
		time 120 0 0.000000 4.000000 4.00000 30 1
		
		time 0 1 2.500000 0.000000 0.000000 60 3
		time 60 1 2.500000 0.000000 0.000000 60 3
		time 120 1 2.500000 0.000000 0.000000 60 3
	}
	
	
	
	
	
	boneMotionData{ 6
		time 0 0 0.000000 0.000000 0.000000 60 3
		time 60 0 0.000000 3.000000 0.000000 60 3
		time 120 0 0.000000 5.000000 0.000000 30 1
		
		time 0 1 0.000000 0.000000 -0.500000 60 3
		time 60 1 0.000000 0.000000 0.500000 60 3
		time 120 1 0.000000 0.000000 0.800000 30 1
	}
	
	boneMotionData{ 6
		time 0 0 0.000000 0.000000 0.000000 60 3
		time 60 0 0.000000 3.000000 0.000000 60 3
		time 120 0 0.000000 5.000000 0.000000 30 1
		
		time 0 1 0.000000 0.000000 0.500000 60 3
		time 60 1 0.000000 0.000000 -0.500000 60 3
		time 120 1 0.000000 0.000000 -0.800000 30 1
	}
	
	
	
	
	
	boneMotionData{ 6
		time 0 0 0.000000 0.000000 0.000000 60 3
		time 60 0 2.000000 3.000000 0.000000 60 3
		time 120 0 2.000000 3.000000 0.000000 30 1
		
		time 0 1 0.000000 0.000000 0.000000 60 3
		time 60 1 0.000000 0.000000 0.650000 60 3
		time 120 1 0.000000 0.000000 0.650000 30 1
	}
	
	boneMotionData{ 6
		time 0 0 0.000000 0.000000 0.000000 60 3
		time 60 0 -2.000000 3.000000 0.000000 60 3
		time 120 0 -2.000000 3.000000 0.000000 30 1
		
		time 0 1 0.000000 0.000000 0.000000 60 3
		time 60 1 0.000000 0.000000 -0.650000 60 3
		time 120 1 0.000000 0.000000 -0.650000 30 1
	}
	
	
	
	
	
	boneMotionData{ 6
		time 0 0 0.000000 0.000000 0.000000 60 3
		time 60 0 2.000000 0.000000 0.000000 60 3
		time 120 0 2.000000 -2.000000 0.000000 30 1
		
		time 0 1 0.000000 0.000000 0.000000 60 3
		time 60 1 0.000000 0.000000 0.500000 60 3
		time 120 1 0.000000 0.000000 0.500000 30 1
	}
	
	boneMotionData{ 6
		time 0 0 0.000000 0.000000 0.000000 60 3
		time 60 0 -2.000000 0.000000 0.000000 60 3
		time 120 0 -2.000000 -2.000000 0.000000 30 1
		
		time 0 1 0.000000 0.000000 0.000000 60 3
		time 60 1 0.000000 0.000000 -0.500000 60 3
		time 120 1 0.000000 0.000000 -0.500000 30 1
	}
	
	
	
	
	
	boneMotionData{ 6
		time 0 0 0.000000 0.000000 0.000000 60 3
		time 60 0 0.000000 0.000000 0.000000 60 3
		time 120 0 0.000000 0.000000 0.000000 30 1
		
		time 0 1 0.000000 0.000000 0.000000 60 3
		time 60 1 0.500000 0.000000 0.000000 60 3
		time 120 1 0.000000 0.000000 0.000000 30 1
	}
	
	boneMotionData{ 6
		time 0 0 0.000000 0.000000 0.000000 60 3
		time 60 0 0.000000 0.000000 0.000000 60 3
		time 120 0 0.000000 0.000000 0.000000 30 1
		
		time 0 1 0.000000 0.000000 0.000000 60 3
		time 60 1 0.500000 0.000000 0.000000 60 3
		time 120 1 0.000000 0.000000 0.000000 30 1
	}
	
	
	
	
	
	boneMotionData{ 6
		time 0 0 0.000000 0.000000 0.000000 60 3
		time 60 0 0.000000 0.000000 0.000000 60 3
		time 120 0 0.000000 0.000000 0.000000 30 1
		
		time 0 1 0.000000 0.000000 0.000000 60 3
		time 60 1 0.000000 0.000000 0.000000 60 3
		time 120 1 0.000000 0.000000 0.000000 30 1
	}
	
	boneMotionData{ 6
		time 0 0 0.000000 0.000000 0.000000 60 3
		time 60 0 0.000000 0.000000 0.000000 60 3
		time 120 0 0.000000 0.000000 0.000000 30 1
		
		time 0 1 0.000000 0.000000 0.000000 60 3
		time 60 1 0.000000 0.000000 0.000000 60 3
		time 120 1 0.000000 0.000000 0.000000 30 1
	}
	
	
	
	
	
	boneMotionData{ 6
		time 0 0 0.000000 0.000000 0.000000 60 3
		time 60 0 0.000000 0.000000 0.000000 60 3
		time 120 0 0.000000 0.000000 0.000000 30 1
		
		time 0 1 0.000000 0.000000 0.000000 60 3
		time 60 1 0.000000 0.000000 0.000000 60 3
		time 120 1 0.000000 0.000000 0.000000 30 1
	}
	
	boneMotionData{ 6
		time 0 0 0.000000 0.000000 0.000000 60 3
		time 60 0 0.000000 0.000000 0.000000 60 3
		time 120 0 0.000000 0.000000 0.000000 30 1
		
		time 0 1 0.000000 0.000000 0.000000 60 3
		time 60 1 0.000000 0.000000 0.000000 60 3
		time 120 1 0.000000 0.000000 0.000000 30 1
	}
}
END
