Motion3DFile
loopTime 60
isLoop 1
boneMotionDatas{ 13
	boneMotionData{ 4
		time 0 0 0.000000 0.000000 0.40000 30 3
		time 30 0 0.000000 -0.500000 0.000000 30 3
		
		time 0 1 0.000000 -0.200000 0.200000 30 3
		time 30 1 0.080000 -0.200000 0.350000 30 3
	}
	
	
	
	
	
	boneMotionData{ 4
		time 0 0 0.000000 3.000000 0.000000 30 3
		time 30 0 0.000000 3.000000 0.000000 30 3
		
		time 0 1 0.000000 -0.320000 0.700000 30 3
		time 30 1 0.000000 0.160000 0.700000 30 3
	}
	
	boneMotionData{ 4
		time 0 0 2.000000 3.000000 -2.000000 30 3
		time 30 0 2.000000 3.000000 -2.000000 30 3
		
		time 0 1 0.000000 0.320000 0.250000 30 3
		time 30 1 -0.500000 -0.160000 0.250000 30 3
	}
	
	
	
	
	boneMotionData{ 4
		time 0 0 1.000000 -1.000000 -0.480000 30 3
		time 30 0 1.000000 -1.000000 0.480000 30 3
		
		time 0 1 0.000000 -0.240000 0.500000 30 3
		time 30 1 0.000000 0.240000 0.500000 30 3
	}
	
	boneMotionData{ 4
		time 0 0 0.000000 0.000000 3.000000 30 3
		time 30 0 0.000000 0.000000 3.000000 30 3
		
		time 0 1 -0.800000 -0.240000 0.000000 30 3
		time 30 1 -0.800000 0.000000 0.000000 30 3
	}
	
	
	
	
	boneMotionData{ 4
		time 0 0 0.000000 0.000000 0.480000 30 3
		time 30 0 0.000000 0.000000 -0.480000 30 3
		
		time 0 1 0.000000 -0.240000 0.000000 30 3
		time 30 1 0.000000 0.240000 0.000000 30 3
	}
	
	boneMotionData{ 4
		time 0 0 0.000000 0.000000 1.000000 30 3
		time 30 0 0.000000 0.000000 1.000000 30 3
		
		time 0 1 -0.500000 0.240000 0.000000 30 3
		time 30 1 -0.500000 -0.240000 0.000000 30 3
	}
	
	
	
	
	boneMotionData{ 4
		time 0 0 0.000000 0.000000 0.000000 30 3
		time 30 0 0.000000 0.000000 0.640000 30 3
		
		time 0 1 0.000000 0.200000 -0.200000 30 3
		time 30 1 -0.100000 0.200000 -0.350000 30 3
	}
	
	boneMotionData{ 4
		time 0 0 0.000000 1.200000 0.000000 30 3
		time 30 0 0.000000 2.000000 0.640000 30 3
		
		time 0 1 0.000000 0.200000 -0.200000 30 3
		time 30 1 -0.100000 0.200000 -0.350000 30 3
	}
	
	
	
	
	boneMotionData{ 4
		time 0 0 0.000000 0.000000 0.000000 30 3
		time 30 0 0.000000 0.000000 -0.320000 30 3
		
		time 0 1 0.000000 0.000000 0.000000 30 3
		time 30 1 0.080000 0.000000 0.000000 30 3
	}
	
	boneMotionData{ 4
		time 0 0 0.000000 0.000000 0.000000 30 3
		time 30 0 0.000000 0.000000 -0.320000 30 3
		
		time 0 1 0.00000 0.000000 0.000000 30 3
		time 30 1 0.080000 0.000000 0.000000 30 3
	}
	
	
	
	
	boneMotionData{ 2
		time 0 1 0.200000 0.000000 0.000000 30 3
		time 30 1 0.000000 0.000000 0.000000 30 3
	}
	
	boneMotionData{ 2
		time 0 1 0.200000 0.000000 0.000000 30 3
		time 30 1 0.000000 0.000000 0.000000 30 3
	}	
}
END
