Motion3DFile
loopTime 48
isLoop 0
boneMotionDatas{ 13
	boneMotionData{ 4
		time 0 0 0.000000 3.500000 0.40000 12 2
		time 12 0 0.000000 0.000000 0.000000 36 3
		
		time 0 1 -0.15000 0.00000 0.000000 12 2
		time 12 1 0.080000 0.000000 0.000000 36 3
	}
	
	
	
	
	boneMotionData{ 4
		time 0 0 0.000000 0.000000 0.000000 12 2
		time 12 0 0.000000 0.000000 0.000000 36 3
		
		time 0 1 0.000000 -0.320000 -0.250000 12 2
		time 12 1 0.000000 0.160000 -0.250000 36 3
	}
	
	
	boneMotionData{ 4
		time 0 0 0.000000 0.000000 0.000000 12 2
		time 12 0 0.000000 0.000000 0.000000 36 3
		
		time 0 1 0.000000 0.320000 0.250000 12 2
		time 12 1 0.000000 -0.160000 0.250000 36 3
	}
	
	
	boneMotionData{ 4
		time 0 0 0.000000 0.000000 -0.480000 12 2
		time 12 0 0.000000 0.000000 0.480000 36 3
		
		time 0 1 0.000000 -0.240000 0.000000 12 2
		time 12 1 0.000000 0.240000 0.000000 36 3
	}
	
	
	boneMotionData{ 4
		time 0 0 0.000000 0.000000 -0.320000 12 2
		time 12 0 0.000000 0.000000 0.320000 36 3
		
		time 0 1 0.000000 0.240000 0.000000 12 2
		time 12 1 0.000000 -0.240000 0.000000 36 3
	}
	
	
	boneMotionData{ 4
		time 0 0 0.000000 0.000000 0.480000 12 2
		time 12 0 0.000000 0.000000 -0.480000 36 3
		
		time 0 1 0.000000 -0.240000 0.000000 12 2
		time 12 1 0.000000 0.240000 0.000000 36 3
	}
	
	
	boneMotionData{ 4
		time 0 0 0.000000 0.000000 0.480000 12 2
		time 12 0 0.000000 0.000000 -0.480000 36 3
		
		time 0 1 0.000000 0.240000 0.000000 12 2
		time 12 1 0.000000 -0.240000 0.000000 36 3
	}
	
	
	
	
	boneMotionData{ 4
		time 0 0 0.000000 0.000000 0.000000 12 2
		time 12 0 0.000000 0.000000 0.640000 36 3
		
		time 0 1 0.250000 0.00000 0.000000 12 2
		time 12 1 0.000000 0.000000 0.000000 36 3
	}
	
	
	boneMotionData{ 4
		time 0 0 0.000000 0.000000 0.000000 12 2
		time 12 0 0.000000 0.000000 0.640000 36 3
		
		time 0 1 0.250000 0.00000 0.000000 12 2
		time 12 1 0.000000 0.000000 0.000000 36 3
	}
	
	
	boneMotionData{ 4
		time 0 0 0.000000 -3.000000 0.000000 12 2
		time 12 0 0.000000 0.000000 -0.320000 36 3
		
		time 0 1 0.500000 0.000000 0.000000 12 2
		time 12 1 0.080000 0.000000 0.000000 36 3
	}
	
	
	boneMotionData{ 4
		time 0 0 0.000000 -3.000000 0.000000 12 2
		time 12 0 0.000000 0.000000 -0.320000 36 3
		
		time 0 1 0.50000 0.000000 0.000000 12 2
		time 12 1 0.080000 0.000000 0.000000 36 3
	}
	
	
	boneMotionData{ 2
		time 0 1 0.350000 0.00000 0.000000 12 2
		time 12 1 0.000000 0.000000 0.000000 36 3
	}
	boneMotionData{ 2
		time 0 1 0.350000 0.00000 0.000000 12 2
		time 12 1 0.000000 0.000000 0.000000 36 3
	}	
}
END
