Motion3DFile
loopTime 30
isLoop 0
boneMotionDatas{ 13
	boneMotionData{ 4
		time 0 0 0.000000 -3.000000 0.00000 5 2
		time 5 0 0.000000 0.000000 0.000000 25 2
		
		time 0 1 0.200000 0.00000 0.000000 5 0
		time 5 1 0.000000 0.000000 0.000000 25 2
	}
	
	
	
	
	boneMotionData{ 4
		time 0 0 0.000000 0.000000 2.0000 5 2
		time 5 0 0.000000 0.000000 0.000000 25 2
		
		time 0 1 -0.600000 -0.60000 0.000000 5 2
		time 5 1 0.000000 0.000000 0.000000 25 2
	}
	
	
	boneMotionData{ 4
		time 0 0 0.000000 0.000000 2.00000 5 2
		time 5 0 0.000000 0.000000 0.000000 25 2
		
		time 0 1 -0.600000 0.60000 0.000000 5 2
		time 5 1 0.000000 0.000000 0.000000 25 2
	}
	
	
	boneMotionData{ 4
		time 0 0 0.000000 0.000000 2.00000 5 2
		time 5 0 0.000000 0.000000 0.000000 25 2
		
		time 0 1 -0.600000 -0.60000 0.000000 5 2
		time 5 1 0.000000 0.000000 0.000000 25 2
	}
	
	
	boneMotionData{ 4
		time 0 0 0.000000 0.000000 2.00000 5 2
		time 5 0 0.000000 0.000000 0.000000 25 2
		
		time 0 1 -0.600000 0.60000 0.000000 5 2
		time 5 1 0.000000 0.000000 0.000000 25 2
	}
	
	
	boneMotionData{ 4
		time 0 0 0.000000 0.000000 2.00000 5 2
		time 5 0 0.000000 0.000000 0.000000 25 2
		
		time 0 1 -0.400000 0.00000 0.000000 5 2
		time 5 1 0.000000 0.000000 0.000000 25 2
	}
	
	
	boneMotionData{ 4
		time 0 0 0.000000 0.000000 2.00000 5 2
		time 5 0 0.000000 0.000000 0.000000 25 2
		
		time 0 1 -0.400000 0.00000 0.000000 5 2
		time 5 1 0.000000 0.000000 0.000000 25 2
	}
	
	
	
	
	boneMotionData{ 4
		time 0 0 0.000000 3.000000 0.00000 5 2
		time 5 0 0.000000 0.000000 0.000000 25 2
		
		time 0 1 -0.200000 0.00000 0.000000 5 2
		time 5 1 0.000000 0.000000 0.000000 25 2
	}
	
	
	boneMotionData{ 4
		time 0 0 0.000000 3.000000 0.00000 5 2
		time 5 0 0.000000 0.000000 0.000000 25 2
		
		time 0 1 -0.200000 0.00000 0.000000 5 2
		time 5 1 0.000000 0.000000 0.000000 25 2
	}
	
	
	
	
	boneMotionData{ 4
		time 0 0 0.000000 0.000000 0.00000 5 2
		time 5 0 0.000000 0.000000 0.000000 25 2
		
		time 0 1 0.000000 0.00000 0.000000 5 2
		time 5 1 0.000000 0.000000 0.000000 25 2
	}
	
	
	boneMotionData{ 4
		time 0 0 0.000000 0.000000 0.00000 5 2
		time 5 0 0.000000 0.000000 0.000000 25 2
		
		time 0 1 0.000000 0.00000 0.000000 5 2
		time 5 1 0.000000 0.000000 0.000000 25 2
	}
	
	
	
	boneMotionData{ 2
		time 0 1 0.000000 0.00000 0.000000 5 2
		time 5 1 0.000000 0.000000 0.000000 25 2
	}
	boneMotionData{ 2
		time 0 1 0.000000 0.00000 0.000000 5 2
		time 5 1 0.000000 0.000000 0.000000 25 2
	}	
}
END
