Motion3DFile
loopTime 23
isLoop 0
boneMotionDatas{ 13
	boneMotionData{ 4
		time 0 0 0.000000 5.000000 0.00000 5 2
		time 5 0 0.000000 0.000000 0.00000 18 1
		
		time 0 1 0.000000 0.000000 0.00000 5 2
		time 5 1 0.000000 0.000000 0.00000 18 1
	}
	
	
	
	
	boneMotionData{ 4
		time 0 0 0.000000 5.000000 0.00000 5 2
		time 5 0 0.000000 0.000000 0.00000 18 1
		
		time 0 1 0.000000 0.000000 1.50000 5 2
		time 5 1 0.000000 0.000000 0.00000 18 1
	}
	
	boneMotionData{ 4
		time 0 0 0.000000 5.000000 0.00000 5 2
		time 5 0 0.000000 0.000000 0.00000 18 1
		
		time 0 1 0.000000 0.000000 -1.50000 5 2
		time 5 1 0.000000 0.000000 0.00000 18 1
	}
	
	
	
	
	boneMotionData{ 4
		time 0 0 0.000000 0.000000 0.00000 5 2
		time 5 0 0.000000 0.000000 0.00000 18 1
		
		time 0 1 0.000000 0.000000 0.00000 5 2
		time 5 1 0.000000 0.000000 0.00000 18 1
	}
	
	boneMotionData{ 4
		time 0 0 0.000000 0.000000 0.00000 5 2
		time 5 0 0.000000 0.000000 0.00000 18 1
		
		time 0 1 0.000000 0.000000 0.00000 5 2
		time 5 1 0.000000 0.000000 0.00000 18 1
	}
	
	
	
	
	boneMotionData{ 4
		time 0 0 0.000000 0.000000 0.00000 5 2
		time 5 0 0.000000 0.000000 0.00000 18 1
		
		time 0 1 0.000000 0.000000 0.00000 5 2
		time 5 1 0.000000 0.000000 0.00000 18 1
	}
	
	boneMotionData{ 4
		time 0 0 0.000000 0.000000 0.00000 5 2
		time 5 0 0.000000 0.000000 0.00000 18 1
		
		time 0 1 0.000000 0.000000 0.00000 5 2
		time 5 1 0.000000 0.000000 0.00000 18 1
	}
	
	
	
	
	boneMotionData{ 4
		time 0 0 0.000000 0.000000 0.00000 5 2
		time 5 0 0.000000 0.000000 0.00000 18 1
		
		time 0 1 0.000000 0.500000 0.00000 5 2
		time 5 1 0.000000 0.000000 0.00000 18 1
	}
	
	boneMotionData{ 4
		time 0 0 0.000000 0.000000 0.00000 5 2
		time 5 0 0.000000 0.000000 0.00000 18 1
		
		time 0 1 0.000000 -0.500000 0.00000 5 2
		time 5 1 0.000000 0.000000 0.00000 18 1
	}
	
	
	
	
	boneMotionData{ 4
		time 0 0 0.000000 0.000000 0.00000 5 2
		time 5 0 0.000000 0.000000 0.00000 18 1
		
		time 0 1 0.000000 0.000000 0.00000 5 2
		time 5 1 0.000000 0.000000 0.00000 18 1
	}
	
	boneMotionData{ 4
		time 0 0 0.000000 0.000000 0.00000 5 2
		time 5 0 0.000000 0.000000 0.00000 18 1
		
		time 0 1 0.000000 0.000000 0.00000 5 2
		time 5 1 0.000000 0.000000 0.00000 18 1
	}
	
	
	
	
	boneMotionData{ 4
		time 0 0 0.000000 0.000000 0.00000 5 2
		time 5 0 0.000000 0.000000 0.00000 18 1
		
		time 0 1 0.000000 0.000000 0.00000 5 2
		time 5 1 0.000000 0.000000 0.00000 18 1
	}
	boneMotionData{ 4
		time 0 0 0.000000 0.000000 0.00000 5 2
		time 5 0 0.000000 0.000000 0.00000 18 1
		
		time 0 1 0.000000 0.000000 0.00000 5 2
		time 5 1 0.000000 0.000000 0.00000 18 1
	}	
}
END
