Motion3DFile
loopTime 60
isLoop 1
boneMotionDatas{ 13
	boneMotionData{ 8
		time 0 0 0.000000 0.000000 0.40000 15 3
		time 15 0 0.000000 -0.500000 0.000000 15 3
		
		time 0 1 0.000000 0.000000 0.00000 15 3
		time 15 1 0.080000 0.000000 0.050000 15 3
		
		
		time 30 0 0.000000 0.000000 0.40000 15 3
		time 45 0 0.000000 -0.500000 0.000000 15 3
		
		time 30 1 0.000000 0.000000 0.000000 15 3
		time 45 1 0.080000 0.000000 -0.050000 15 3
	}
	
	
	
	boneMotionData{ 8
		time 0 0 -1.000000 2.000000 -3.000000 15 3
		time 15 0 -1.000000 2.000000 -3.000000 15 3
		
		time 0 1 0.750000 0.500000 -0.000000 15 3
		time 15 1 0.750000 0.500000 -0.000000 15 3
		
		
		time 30 0 -1.000000 2.000000 -3.000000 15 3
		time 45 0 -1.000000 2.000000 -3.000000 15 3
		
		time 30 1 0.750000 0.500000 -0.000000 15 3
		time 45 1 0.750000 0.500000 -0.000000 15 3
	}
	
	
	boneMotionData{ 8
		time 0 0 1.000000 2.000000 -1.000000 15 3
		time 15 0 1.000000 2.000000 -1.000000 15 3
		
		time 0 1 0.750000 -0.50000 0.000000 15 3
		time 15 1 0.750000 -0.500000 0.000000 15 3
		
		
		time 30 0 1.000000 2.000000 -3.000000 15 3
		time 45 0 1.000000 2.000000 -3.000000 15 3
		
		time 30 1 0.750000 -0.500000 0.000000 15 3
		time 45 1 0.750000 -0.500000 0.000000 15 3
	}
	
	
	
	boneMotionData{ 8
		time 0 0 0.000000 0.000000 -0.480000 15 3
		time 15 0 0.000000 0.000000 0.480000 15 3
		
		time 0 1 0.000000 -0.240000 0.000000 15 3
		time 15 1 0.000000 0.240000 0.000000 15 3
		
		
		time 30 0 0.000000 0.000000 -0.480000 15 3
		time 45 0 0.000000 0.000000 0.480000 15 3
		
		time 30 1 0.000000 -0.240000 0.000000 15 3
		time 45 1 0.000000 0.240000 0.000000 15 3
	}
	
	
	boneMotionData{ 8
		time 0 0 0.000000 0.000000 -0.480000 15 3
		time 15 0 0.000000 0.000000 0.480000 15 3
		
		time 0 1 0.000000 -0.240000 0.000000 15 3
		time 15 1 0.000000 0.240000 0.000000 15 3
		
		
		time 30 0 0.000000 0.000000 -0.480000 15 3
		time 45 0 0.000000 0.000000 0.480000 15 3
		
		time 30 1 0.000000 -0.240000 0.000000 15 3
		time 45 1 0.000000 0.240000 0.000000 15 3
	}
	
	
	boneMotionData{ 8
		time 0 0 0.000000 0.000000 -0.480000 15 3
		time 15 0 0.000000 0.000000 0.480000 15 3
		
		time 0 1 0.000000 -0.240000 0.000000 15 3
		time 15 1 0.000000 0.240000 0.000000 15 3
		
		
		time 30 0 0.000000 0.000000 -0.480000 15 3
		time 45 0 0.000000 0.000000 0.480000 15 3
		
		time 30 1 0.000000 -0.240000 0.000000 15 3
		time 45 1 0.000000 0.240000 0.000000 15 3
	}
	
	
	boneMotionData{ 8
		time 0 0 0.000000 0.000000 -0.480000 15 3
		time 15 0 0.000000 0.000000 0.480000 15 3
		
		time 0 1 0.000000 -0.240000 0.000000 15 3
		time 15 1 0.000000 0.240000 0.000000 15 3
		
		
		time 30 0 0.000000 0.000000 -0.480000 15 3
		time 45 0 0.000000 0.000000 0.480000 15 3
		
		time 30 1 0.000000 -0.240000 0.000000 15 3
		time 45 1 0.000000 0.240000 0.000000 15 3
	}
	
	
	
	boneMotionData{ 8
		time 0 0 0.000000 0.000000 0.000000 15 3
		time 15 0 0.000000 0.000000 0.000000 15 3
		
		time 0 1 0.000000 0.000000 0.000000 15 3
		time 15 1 0.300000 0.000000 0.000000 15 3
		
		
		time 30 0 0.000000 0.000000 0.000000 15 3
		time 45 0 0.000000 0.000000 0.000000 15 3
		
		time 30 1 0.00000 0.000000 0.000000 15 3
		time 45 1 -0.300000 0.000000 0.000000 15 3
	}
	
	
	boneMotionData{ 8
		time 0 0 0.000000 0.000000 0.000000 15 3
		time 15 0 0.000000 0.000000 0.000000 15 3
		
		time 0 1 0.000000 0.000000 0.000000 15 3
		time 15 1 -0.300000 0.000000 0.000000 15 3
		
		
		time 30 0 0.000000 0.000000 0.000000 15 3
		time 45 0 0.000000 0.000000 0.000000 15 3
		
		time 30 1 0.000000 0.000000 0.000000 15 3
		time 45 1 0.300000 0.000000 0.000000 15 3
	}
	
	
	
	boneMotionData{ 8
		time 0 0 0.000000 0.000000 0.000000 15 3
		time 15 0 0.000000 0.000000 0.000000 15 3
		
		time 0 1 0.000000 0.000000 0.000000 15 3
		time 15 1 0.250000 0.000000 0.000000 15 3
		
		
		time 30 0 0.000000 0.000000 0.000000 15 3
		time 45 0 0.000000 0.000000 0.000000 15 3
		
		time 30 1 0.000000 0.000000 0.000000 15 3
		time 45 1 -0.250000 0.000000 0.000000 15 3
	}
	
	
	boneMotionData{ 8
		time 0 0 0.000000 0.000000 0.000000 15 3
		time 15 0 0.000000 0.000000 0.000000 15 3
		
		time 0 1 0.250000 0.000000 0.000000 15 3
		time 15 1 0.000000 0.000000 0.000000 15 3
		
		
		time 30 0 0.000000 0.000000 0.000000 15 3
		time 45 0 0.000000 0.000000 0.000000 15 3
		
		time 30 1 -0.250000 0.000000 0.000000 15 3
		time 45 1 0.000000 0.000000 0.000000 15 3
	}
	
	
	
	boneMotionData{ 8
		time 0 0 0.000000 0.000000 0.000000 15 3
		time 15 0 0.000000 0.000000 0.000000 15 3
		
		time 0 1 0.000000 0.000000 0.000000 15 3
		time 15 1 -0.300000 0.000000 0.000000 15 3
		
		
		time 30 0 0.000000 0.000000 0.000000 15 3
		time 45 0 0.000000 0.000000 0.000000 15 3
		
		time 30 1 0.000000 0.000000 0.000000 15 3
		time 45 1 0.300000 0.000000 0.000000 15 3
	}
	
	
	boneMotionData{ 8
		time 0 0 0.000000 0.000000 0.000000 15 3
		time 15 0 0.000000 0.000000 0.000000 15 3
		
		time 0 1 -0.300000 0.000000 0.000000 15 3
		time 15 1 0.000000 0.000000 0.000000 15 3
		
		
		time 30 0 0.000000 0.000000 0.000000 15 3
		time 45 0 0.000000 0.000000 0.000000 15 3
		
		time 30 1 0.300000 0.000000 0.000000 15 3
		time 45 1 0.000000 0.000000 0.000000 15 3
	}
}
END
